 
     75.000       8.545 
     80.000       7.938 
     85.000       7.159 
     90.000       6.430 
     95.000       5.745 
    100.000       5.100 
    105.000       4.489 
    110.000       3.909 
    115.000       3.357 
    120.000       2.830 
    125.000       2.326 
    130.000       1.842 
    135.000       1.377 
    140.000       0.930 
    145.000       0.498 
    150.000       0.082 
    155.000      -0.321 
    160.000      -0.079 
    165.000      -0.078 
    170.000      -0.077 