
     75.000      -8.776 
     80.000      -8.832 
     85.000      -8.026 
     90.000      -7.273 
     95.000      -6.566 
    100.000      -5.900 
    105.000      -5.270 
    110.000      -4.672 
    115.000      -4.103 
    120.000      -3.560 
    125.000      -3.041 
    130.000      -2.543 
    135.000      -2.066 
    140.000      -1.606 
    145.000      -1.163 
    150.000      -0.735 
    155.000      -0.321 
    160.000      -0.079 
    165.000      -0.078 
    170.000      -0.077 